15
Berlin
London
NewYork
Paris
Tokyo
Sydney
HongKong
Rome
LosAngeles
Calcutta
Caracas
Moscow
BuenosAires
Istanbul
Cairo
0 1 579 150.00
0 2 3965 2500.00
0 3 545 450.00
0 7 734 250.00
0 11 1004 750.00
1 2 3458 1125.00
1 3 213 475.00
1 6 5982 850.00
1 7 887 225.00
1 9 4947 725.00
2 3 3624 350.00
2 7 4281 1375.00
2 8 2451 625.00
2 10 2132 275.00
2 12 5297 480.00
3 7 697 220.00
3 13 1400 525.00
4 5 4866 2100.00
4 6 1794 730.00
4 8 5433 1750.00
4 9 3194 1550.00
5 6 4584 670.00
6 8 7195 1390.00
7 11 1474 130.00
7 14 1320 780.00
8 12 6916 1975.00
9 14 3539 555.00
10 12 3168 1690.00
11 13 1091 490.00
13 14 768 320.00